 0.161989211
-0.315301632
 0.451649523
 0.646735122
 0.092288876
 0.438219826
 0.118826746
 0.622042509
-0.077793659
-0.188575256
 0.477016737
-0.194214368
 0.375715623
 0.287734596
-0.250430719
 0.113990812
  1.58362523
 0.609463727
-0.055395377
 0.028740664
 0.195736735
 -0.08031361
-0.052119371
  0.29700465
-0.530498121
 0.127746188
   0.2795522
  0.05919233
 0.108435243
 0.108435243
 0.108435243
 0.184828703
-1.350040514
  0.26417638
 0.126379133
 0.331578794
 0.296427783
 0.564148531
 0.135231762
  0.61241296
  0.23392604
 0.189976719
 0.316422736
 0.205895553
 0.291220944
 0.057728201
 0.685799475
 0.499403955
-0.139205084
-0.198938043
 0.567857804
 0.040883827
 0.626906399
  0.77868478
 0.042084836
 0.450719012
 0.321531119
 0.893910662
 0.261106918
 0.291182945
 0.236113753
 0.232879106
 0.650306237
 0.587435966
 0.507165187
-0.136323447
 1.622704649
 0.337081851
 0.021632241
-0.005186118
 0.415321876
-0.052513427
 0.049657912
  0.40635668
-0.327695883
 0.072660064
 0.612535754
 0.639533668
 0.289434911
 0.289434911
 0.074753332
  0.05409532
-1.639253726
 0.144231422
 0.381080207
 0.267322696
 0.401173445
 0.504094689
 0.351513993
 0.434204777
 0.335591315
 0.446509153
  0.75801601
 0.715391779
 0.543827161
 0.273246091
 0.617228904
-0.008042543
 0.406579014
-0.300052775
 0.515134417
-0.100861407
 0.407549622
 0.674116801
 -0.09625592
 0.739955636
 0.101229937
  0.48004552
 0.155166169
-0.170392746
 0.089643458
 0.190323707
 0.602051094
 0.358705629
 0.237851325
 0.103869036
 1.947820619
 0.421764316
 0.411696112
 0.102614411
  0.64209972
 0.106552229
  0.06985277
 0.125185759
 -0.25331781
 0.506669389
  0.41259852
 0.249864016
 0.396076422
 0.396076422
 0.442787467
 0.242740546
-1.202398364
 0.337094652
 0.259393242
  0.07429053
 0.284846291
 0.540521336
 0.217389617
 0.561497923
 0.632448106
 0.387904498
 0.984378782
 0.609702691
 0.318914378
 0.332605923
 0.675548047
 0.480502133
 0.089331948
-0.154065443
 0.417219016
 0.248157571
 0.249496259
 0.192377191
 0.049494236
 0.510573356
 0.283041002
 0.526925279
-0.086842207
-0.141690008
 0.191668725
-0.308114851
 0.372098581
 0.258817232
 0.428467729
-0.182058759
 1.764586739
 0.320493809
 -0.01460865
-0.060050767
 0.003518735
 0.225121322
-0.330561156
 0.066505582
-0.569661692
 0.048676909
 0.270675078
 0.393176645
 0.276551687
 0.276551687
 0.208534901
 0.180981057
-0.937892417
 0.357795596
-0.125014781
 0.429026857
 0.288845598
  0.41381958
 0.199434384
 0.456591998
 0.259479703
 0.246817088
 0.247487554
  0.14895503
 0.035507994
 0.289488478
 0.652058607
 0.038816517
 0.274596652
 0.242111197
 0.649159184
-0.020223104
 0.627495949
 0.632754223
 0.277599596
 1.187864614
 0.743538121
 0.856317244
 0.612376959
 0.052987595
  0.82479122
 0.611305898
   0.7338131
 0.458020395
 0.498507943
 0.113637641
 2.007627307
 0.619760699
 0.735853025
 0.061594734
 0.487186367
 0.000336074
 0.138677444
 0.358801365
-0.406953021
 0.205181105
 0.724728789
 0.525006193
 0.637422991
 0.637422991
 0.664127165
 0.318085477
-1.314043846
 0.960858016
 0.124158374
-0.017282153
 0.678489093
  0.65981732
 0.376888083
 0.892122482
 0.631704778
 0.677872285
 0.829839052
 0.826321544
 0.368516331
 0.531187624
 0.787411932
 0.210856629
 0.223206239
-0.397866179
 0.796529164
 0.152668112
 0.754081563
 0.923048802
 0.154585658
 1.151724354
 0.723222243
 0.711582926
 0.410148181
 0.164540204
 0.782200494
 0.614185203
 0.749865113
 0.639405547
 0.806116752
 -0.04759983
 1.953556187
 0.614722765
 0.525253348
 0.267009294
 0.326458321
 0.019654515
 0.330572449
 0.251094856
-0.391551768
 0.011091772
 0.844641646
 0.849221726
 0.898062493
 0.898062493
 0.891054899
 0.371665738
-0.946584176
 0.793612402
 0.438749416
 0.703993222
 0.969716867
 0.726952019
 0.640191711
 1.162425491
 0.721533257
 0.756882686
 1.162891546
 0.704361795
 1.156190571
 0.587760348
 0.744923345
 0.291251767
 0.511047723
-0.479866992
 0.578505206
-0.000171362
 0.527798519
 0.751084844
-0.024678102
 0.307837049
 0.208936749
 0.597613762
  0.28755394
 -0.00676403
 0.214253678
 0.193954137
 0.558628897
 0.438903212
 0.520017175
 0.033828174
 2.024380046
 0.573353812
 0.509789285
 0.174541636
 0.721108268
 0.047275707
 0.095406023
 0.607456733
 -0.08738712
 0.216483955
 0.577729335
-0.025032586
 0.182928035
 0.182928035
 0.266188687
 0.197791822
-1.361026878
 0.546290432
 0.270814959
 0.238653538
 0.024255508
 0.662693082
  0.07732751
 0.612623247
 0.563758125
 0.532275986
 1.164243131
 0.922290846
 0.507918377
 0.511345706
 0.692802883
 0.435106022
 0.080044252
 0.211318871
 0.255417086
-0.149133109
  0.29181742
  0.59058085
-0.224613765
 0.615473036
 0.131839261
 0.490841892
 0.244834977
 0.021344464
 0.143679811
 0.148784467
 0.440404803
 0.224745537
 0.379233246
-0.048723098
 1.824509626
 0.571746657
 0.669237731
 0.139577241
 0.350519214
 0.228513794
-0.061207655
 0.554928232
-0.520216671
 0.382462962
 0.528809909
 -0.00978874
 0.136489231
 0.136489231
 0.183313792
 0.120380802
-1.129505219
 0.312778886
 0.039683087
 0.188220573
 0.378019408
 0.553570458
 0.219066392
 0.617705535
 0.466312015
 0.437738643
 0.943057139
  0.78186377
 0.232736179
 0.320956251
 0.601001003
 0.377614468
-0.108146519
-0.098972143
 0.466733977
 0.221986402
 0.502458276
 0.980479967
 0.034479008
 0.490447941
-0.220059229
  0.42108847
-0.239623435
 -0.42987912
 0.771701119
 0.117583282
 0.811793428
 0.309516482
 0.500285511
 -0.05869596
 1.904902641
 0.381051097
-0.195039528
 0.170894741
 0.488615432
 0.027522458
 0.141225045
 0.538348082
-0.017087971
 0.169886168
 0.757784947
-0.128277826
 0.274691535
 0.274691535
  0.47346046
-0.075320384
-1.564042392
 0.161271977
 0.640457245
 0.181922422
 0.316512576
 0.313457806
 0.209940966
 0.130261741
 0.216704277
   0.1923366
 0.944161937
 0.001592897
 0.229144629
-0.020744283
 0.263727514
 0.233888471
-0.272058711
-0.588943814
 0.165574889
-0.157801057
 0.453423392
 0.767829547
-0.104945046
 0.423525041
 0.044707875
 0.955121112
-0.075708226
 0.284688596
  0.19574111
 0.220622777
 0.523779953
 0.271600962
 0.407450026
-0.020481998
 2.082242906
 0.670658359
 0.590381259
 0.322954135
 0.497853448
 0.097390136
 0.230030184
 0.596457667
-0.074014746
 0.142678265
 0.575468702
 0.376662031
 0.353208543
 0.353208543
 0.299938159
 0.164242443
-1.623525005
 0.852712034
 0.037166361
 0.306320542
 0.354311687
 0.301101626
 0.384715766
 0.577234707
 0.508304849
 0.451924516
 1.039433364
 0.791249821
 0.364731304
 0.332014219
 0.591686458
 0.350445347
 0.292342446
-0.195293733
 0.815621143
 -0.13303833
 0.444980483
 0.872297676
  1.06608153
 1.106407273
 0.495021319
 0.727487417
-0.077895345
 0.278467902
 0.046488374
 0.080575667
 0.034375404
 0.166807655
 0.469435372
 0.256404128
 1.968024058
 0.785436671
 0.393324918
 0.003039955
-0.091228876
 0.393081709
 0.308137928
 0.470651561
 -0.83731219
-0.186333787
 0.125371404
-0.332800162
-0.283947765
-0.283947765
-0.290961292
 0.559499431
-1.029068726
 0.448792892
 0.255678823
 0.270388433
 0.490587464
 0.535319497
 0.194955826
 0.998606755
 0.415783723
 0.489647094
 1.071744263
 0.499623663
 0.011411797
 0.222656419
 0.514468975
-0.352701316
  0.47200115
-0.527035169
 0.303741282
-0.224242732
 0.344348365
 0.530408931
-0.199185205
 0.855542381
 0.192651072
 0.733468384
 0.170100247
-0.074096714
  0.29951132
 0.257001968
 0.332114663
  0.39919099
 0.619050467
 0.141628572
 1.817830641
  0.43851902
 0.548897108
 0.067659441
 0.308335471
-0.093317204
-0.018557129
 0.528571821
-0.434939666
-0.070742882
 0.562023788
 0.055929101
 0.202465531
 0.202465531
 0.248927641
 0.198636554
-1.392219743
 0.176657647
-0.053591701
-0.394021291
 0.570288298
 0.703047787
 0.118806952
 0.478294189
 0.322746035
 0.280055454
 0.704076859
 0.412013901
 0.401977478
 0.297582679
 0.648022006
 0.570876014
-0.045397172
-0.394792598
 0.463482819
 0.475347993
 0.465346058
 0.700185649
 0.095716594
  0.12596565
 0.027146971
 0.686253306
-0.093525405
-0.476778108
  0.27344789
-0.149076656
 0.156341216
 0.220657857
-0.626957062
 0.183356366
 1.724576737
 0.694872768
-0.253443553
-0.092874576
 0.039761817
-0.003318186
-0.242805155
 0.139980933
-0.709036618
 0.087058531
 0.418081163
-0.193403293
-0.144270604
-0.144270604
-0.151833377
-0.070994681
-1.254595049
 0.369290999
 0.226820474
 0.150237433
-0.066548818
 0.658099486
 0.390779764
  0.35940624
 0.267113028
 0.120724548
-0.224827143
-0.018906031
 0.387967953
 0.193179627
  0.11492743
-0.030452802
 0.425082359
-0.794515763
 0.558933577
 0.058899373
 0.461902317
  0.84005796
  0.16931004
 1.269259948
 0.770464072
 0.605389784
 0.567146817
-0.224884622
 0.745370186
 0.665994699
  0.77124485
 0.580716015
 0.996231459
-0.025577182
 1.825562319
  0.54435155
 0.443166406
  0.19564417
 0.966326988
 0.342196029
-0.044646567
 0.328812767
-0.306930616
 0.202183429
 0.705030454
 1.100565953
 1.003344908
 1.003344908
  0.94556418
 0.068831084
-0.912093657
 0.743912884
 0.443757248
 0.527835602
 0.538906324
 0.605306028
 0.263559836
 0.978453975
 0.551890054
 0.721123447
 0.721272634
 0.704499649
 1.024166236
 0.394627392
 0.689675506
 0.177052014
 0.340560171
-0.174129417
 0.189201957
-0.127610504
 0.550110014
 0.504027013
-0.275982816
-0.667404057
-0.209115876
 0.405632074
-0.253484183
-0.638666933
 0.643497612
 0.037616398
 0.204075387
  0.32859593
 0.256171676
 0.074803493
 1.794563318
 0.510676161
 0.246323012
-0.000397349
 0.465074589
 0.099747394
 0.022636813
  0.30983886
-0.397061631
 0.352048656
 0.566266822
 0.455202081
 0.491845793
 0.491845793
 0.473712854
-0.061568249
-1.712317342
 0.105984795
-0.405151472
-0.062872476
 0.045702302
 0.299202853
  0.14475427
-0.251653719
 0.355376288
 0.160609905
 0.825116191
  0.19723906
 0.145679486
-0.016374747
  0.16135925
 0.164408471
-0.281620163
-0.583763803
 0.612557504
 0.131778127
 0.577050815
 0.808436888
-2.66667E-06
 0.034831286
 0.255449128
 0.460511113
 0.027597981
-0.104120174
 0.429426722
  0.34059219
  0.53642524
 0.486079037
 0.433667867
-0.155086618
 2.124579887
 0.436083327
  0.34059219
 0.121917735
  0.38154689
-0.182697427
   0.3399284
 0.556409702
-0.259479313
 0.349839284
 0.570744962
 0.524902478
 0.671455781
 0.671455781
 0.718019127
 0.099369807
-1.513452203
 0.632578193
 0.273351504
 0.174984848
 0.431246559
 0.323188806
 0.256893171
  0.42455757
 0.757712186
 0.404217886
 1.168845502
 0.526005622
 0.664760395
-0.143175269
 0.234272725
 0.124391963
 0.107780286
-0.324420979
 0.514232992
-0.054308361
 0.578795925
  0.82438792
-0.072577682
 1.374145031
 0.661005115
 0.655255056
 0.179945653
 0.094854531
 0.268774139
 0.508160495
 0.519686312
 0.435434506
 0.524337032
 0.042567989
 1.755787707
 0.280931589
 0.280561607
 0.198193101
 -0.09530997
 0.133315207
 0.046472719
 0.294282268
-0.319037489
 0.042880929
 0.733678669
 0.380715549
 0.381273367
 0.381273367
 0.374446638
 0.014638532
-0.971893034
  0.81943475
 0.245029654
 0.422354083
  0.69442032
 0.571998801
 0.289648114
 0.832873122
 0.350926835
 0.318087191
 0.653557551
 0.698245661
 1.093531872
 0.292699315
 0.508847949
 0.151583788
 0.367459907
-0.281988048
  0.20169964
-0.411296037
 0.459593039
 0.501332645
-0.398325687
 0.447498334
  0.26074218
 1.065430736
 0.513832808
-0.008445309
 0.289653524
 0.123776325
 0.158340247
 0.091139396
 0.305077994
  0.13593453
  1.90683341
 0.594353185
-0.004960985
 0.062291242
 0.411458398
 0.149438111
 0.158340247
 0.551419762
-0.263506464
-0.111288152
 0.545419744
 0.374070866
 0.499234009
 0.499234009
 0.534325328
 0.013988763
-1.375724404
-0.018971722
-0.370369609
-0.115164125
 0.045897432
 0.451913352
 0.244612798
 0.299962894
 0.099007257
 0.100573428
 0.607636112
 0.593397618
 0.516933586
-0.060381779
 0.335231032
-0.122961436
-0.177246119
-0.274831613
